 #             48004  O3           
  218118.6740  0.0500 -5.4128 3  768.6016 77 -48004140438 731 0    39 634 0     
  220245.5857  0.0673 -9.3175 3 2763.5894149  480041404741262 0    751165 0     
  223894.6990  0.0500 -5.9340 3 1061.7729 91 -48004140445 838 0    46 739 0     
  224853.2920  0.0500 -5.5285 3  839.3329 87 -48004140443 440 0    42 537 0     
  225932.4355  0.0693 -9.2680 3 2763.5365155  48004140477 969 0    761066 0     
  226054.0430  0.0500 -4.4873 3  156.9033 33 -48004140416 412 0    17 315 0     
  227375.8790  0.1000 -7.3027 3 1788.0376125 -48004140462 755 0    61 854 0     
  228307.0470  0.0500 -7.2434 3 1527.9385119 -48004140459 456 0    58 553 0     
  229574.9530  0.0500 -4.6137 3  302.6369 47 -48004140423 519 0    24 420 0     
  230084.0320  0.0500 -6.5641 3 1401.8121105 -48004140452 943 0    53 846 0     
  231281.5110  0.0500 -3.8327 3  112.5424 33 -48004140416 115 0    16 016 0     
  232986.7970  0.0500 -5.9572 3 1102.3593 99 -48004140449 545 0    48 642 0     
  235709.8550  0.0500 -3.6741 3  120.2571 33 -48004140416 214 0    16 115 0     
  235746.3260  0.0800 -7.3032 3 1788.5341119 -480041404591050 0    60 951 0     
  237146.1160  0.0500 -3.6900 3   93.6687 29 -48004140414 212 0    14 113 0     
  238431.8960  0.0500 -4.8685 3  495.5437 61 -48004140430 624 0    31 527 0     
  239093.2790  0.0500 -3.6645 3  150.1900 37 -48004140418 216 0    18 117 0     
  240724.0580  0.0500 -7.3581 3 1840.1241127 -48004140463 757 0    62 854 0     
  240904.2470  0.0500 -5.8610 3  403.0194 61 -48004140430 228 0    31 131 0     
  241246.8189  0.0253 -8.1477 3 2221.6794133  480041404661155 0    671058 0     
  241782.0287  0.0356 -8.2300 3 2278.7542141  48004140470 862 0    69 961 0     
  242318.6880  0.0500 -3.7166 3   70.4557 25 -48004140412 210 0    12 111 0     
  243453.7760  0.0500 -3.7609 3   56.8050 25 -48004140412 012 0    11 111 0     
  244145.7430  0.0500 -5.2612 3  735.7846 75 -48004140437 731 0    38 632 0     
  244158.3900  0.0500 -4.5503 3   50.3021 17 -480041404 8 3 5 0     9 2 8 0     
  246417.4705  0.0672 -9.0962 3 2700.9733147  480041404731262 0    741163 0     
  247444.1953  0.1067 -9.1887 3 2303.6341145  48004140472 567 0    73 470 0     
  247761.7530  0.0500 -4.4157 3  142.7128 31 -48004140415 412 0    16 313 0     
  248183.3900  0.0500 -3.6582 3  183.4307 41 -48004140420 218 0    20 119 0     
  249788.5520  0.0500 -3.8956 3   17.5974 15 -480041404 7 1 7 0     6 0 6 0     
  249961.9600  0.0500 -3.7595 3   50.6432 21 -48004140410 2 8 0    10 1 9 0     
  250726.3720  0.0500 -5.7673 3 1023.0813 89 -48004140444 836 0    45 739 0     
  252321.6110  0.1000 -6.4690 3  865.7443 89 -48004140444 341 0    45 244 0     
  255053.2150  0.0500 -7.6053 3 1499.8328117 -48004140458 454 0    59 357 0     
  255839.3114  0.1893 -9.0992 3 2460.7217151  48004140475 571 0    74 668 0     
  256505.6340  0.0050 -6.3873 3 1357.3083103  48004140451 943 0    52 844 0     
  256885.6144  0.0041 -5.5743 3  913.0488 91  48004140445 442 0    44 539 0     
  257479.5457  0.0913 -9.2850 3 2827.8703157  48004140478 969 0    771068 0     
  258202.0500  0.1200 -4.4957 3  282.3288 45 -48004140422 517 0    23 420 0     
  258716.1800  0.1200 -3.8259 3   34.2510 17 -480041404 8 2 6 0     8 1 7 0     
  262197.2326  0.0097 -7.1150 3 1738.2307117  480041404581048 0    59 951 0     
  262580.4490  0.0356 -8.2770 3 2337.4045143  48004140471 864 0    70 961 0     
  262857.8500  0.1200 -4.2769 3  260.4468 49 -48004140424 222 0    23 321 0     
  263692.6000  0.1200 -3.6536 3  219.9383 45 -48004140422 220 0    22 121 0     
  263886.0991  0.0032 -4.7452 3  469.4562 59  48004140429 624 0    30 525 0     
  264314.7062  0.0143 -6.8499 3 1429.4753115  48004140457 454 0    56 551 0     
  264925.8943  0.0023 -4.5544 3   42.8809 15  480041404 7 3 5 0     8 2 6 0     
  267266.5700  0.1200 -3.9280 3   21.2944 13 -480041404 6 2 4 0     6 1 5 0     
  267516.5839  0.0251 -7.9490 3 2165.6144131  480041404651155 0    661056 0     
  268330.7392  0.0067 -6.5876 3 1495.0238115  48004140457 652 0    56 749 0     
  271091.8855  0.0030 -5.1189 3  703.7795 73  48004140436 729 0    37 632 0     
  272551.0592  0.0668 -8.8869 3 2639.1804145  480041404721260 0    731163 0     
  273050.9000  0.1200 -3.7594 3  141.0820 37 -48004140418 117 0    18 018 0     
  274478.3800  0.1200 -4.0953 3   11.7846  9 -480041404 4 2 2 0     4 1 3 0     

